63,11
45,11
58,135
58,134
58,133
58,132
58,131
58,130
58,129
58,128
58,127
58,126
58,125
58,124
58,123
58,122
58,121
58,120
63,10
63,9
45,10
58,119
58,118
58,117
58,116
58,115
58,114
58,113
58,112
58,111
58,110
58,109
58,108
45,9
63,8
58,107
58,106
58,105
58,104
45,8
58,103
58,102
58,101
58,100
63,7
0,442
58,99
58,98
58,97
58,96
58,95
58,94
58,93
58,92
58,91
58,90
58,89
58,88
58,87
58,86
58,85
58,84
58,83
58,82
58,81
58,80
58,79
58,78
58,77
58,76
58,75
58,74
58,73
58,72
58,71
58,70
58,69
58,68
58,67
58,66
58,65
58,64
58,21
58,20
58,19
58,18
58,17
58,16
58,15
58,14
58,13
58,12
58,11
58,10
58,9
58,8
58,7
58,6
58,5
63,6
45,4
63,5
63,4
70,5
70,4
78,8
78,7
78,6
78,5
78,4
78,3
78,2
78,1
78,0
66,5
66,4
75,1
75,0
74,82
74,81
74,80
74,79
74,78
74,77
74,76
74,75
74,74
74,73
74,72
74,71
74,70
74,69
74,68
74,67
74,66
74,65
74,64
74,36
74,35
74,34
74,33
74,32
74,31
74,30
74,29
74,28
74,27
74,26
74,25
74,24
74,23
74,22
74,21
74,20
74,19
74,18
74,17
74,16
74,15
74,12
74,10
74,9
74,8
74,7
74,6
74,4
74,3
74,2
74,1
74,0
73,3
72,3
70,3
70,2
69,3
68,3
67,3
66,3
66,2
64,3
63,3
63,2
62,3
62,2
61,3
60,3
59,3
58,3
57,3
56,3
55,3
54,3
53,3
52,3
51,3
49,3
48,4
48,3
48,2
48,1
48,0
46,5
46,4
46,3
46,2
45,3
45,2
44,3
43,3
27,3
26,3
24,3
21,3
11,3
10,3
4,3
2,3
1,3
0,439
0,431
0,410
0,9
0,0
0,1
0,310
0,305
0,308
0,304
0,303
0,302
0,307
0,12
0,357
0,10
0,8
0,421
0,300
0,419
0,299
0,429
0,298
0,441
0,297
0,418
0,296
0,417
0,295
0,437
0,294
0,416
0,293
0,415
0,292
0,414
0,291
0,413
0,290
0,412
0,289
0,436
0,288
0,438
0,287
0,411
0,286
0,409
0,285
0,435
0,284
0,408
0,283
0,407
0,282
0,406
0,281
0,405
0,280
0,404
0,279
0,434
0,278
0,433
0,277
0,403
0,276
0,402
0,275
0,432
0,274
75,2
75,3
75,5
75,6
75,8
75,9
75,11
75,13
77,0
77,2
77,3
77,5
77,7
77,8
66,1
58,4
58,1
58,2
58,0
0,243
0,322
45,1
45,0
63,1
63,0
70,1
70,0
66,0
77,6
77,4
77,1
75,12
75,10
75,7
75,4
0,401
0,273
0,400
0,272
0,399
0,271
0,398
0,270
0,397
0,269
0,420
0,268
0,428
0,267
0,396
0,266
0,395
0,265
0,427
0,264
0,394
0,263
0,393
0,262
0,392
0,261
0,391
0,260
0,390
0,259
0,440
0,258
0,426
0,257
0,389
0,256
0,388
0,255
0,387
0,254
0,386
0,253
0,425
0,252
0,385
0,251
0,384
0,250
0,383
0,249
0,382
0,248
0,381
0,247
0,380
0,246
0,379
0,245
0,378
0,244
0,377
0,242
0,376
0,241
0,424
0,240
0,375
0,239
0,374
0,238
0,373
0,237
0,372
0,236
0,371
0,235
0,370
0,234
0,369
0,233
0,368
0,232
0,367
0,231
0,366
0,230
0,365
0,229
0,364
0,228
0,423
0,227
0,363
0,226
0,362
0,225
0,361
0,224
0,360
0,223
0,359
0,222
0,356
0,221
0,355
0,220
0,354
0,219
0,218
0,422
0,217
0,352
0,216
0,351
0,215
0,350
0,214
0,349
0,213
0,348
0,212
0,347
0,211
0,346
0,210
0,345
0,209
0,344
0,208
0,430
0,207
0,343
0,206
0,342
0,205
0,341
0,204
0,203
0,339
0,202
0,338
0,201
0,337
0,200
0,336
0,199
0,335
0,198
0,334
0,197
0,333
0,196
0,332
0,195
0,331
0,194
0,330
0,193
0,329
0,192
0,328
0,63
0,327
0,62
0,326
0,61
0,325
0,60
0,324
0,59
0,323
0,58
0,321
0,57
0,320
0,56
0,319
0,55
0,318
0,54
0,317
0,53
0,316
0,52
0,315
0,51
0,314
0,50
0,313
0,49
0,312
0,48
0,311
0,47
0,309
0,46
0,306
0,45
0,301
0,6
0,5
0,11
0,4
0,2
0,3
0,7
